        TIME,    TIDE,      OB,   SURGE,    BIAS,     TWL,SURGE90p,  TWL90p,SURGE10p,   TWL10p
202604080600,   3.783,   4.408,  -0.200,   0.825,   4.408,  -0.300,   4.308,  -0.100,   4.508
202604080606,   3.719,9999.000,9999.000,9999.000,9999.000,9999.000,9999.000,9999.000,9999.000
202604080612,   3.651,   4.257,9999.000,9999.000,9999.000,9999.000,9999.000,9999.000,9999.000
202604080618,   3.580,9999.000,9999.000,9999.000,9999.000,9999.000,9999.000,9999.000,9999.000
202604080624,   3.507,   4.070,9999.000,9999.000,9999.000,9999.000,9999.000,9999.000,9999.000
202604080630,   3.432,9999.000,9999.000,9999.000,9999.000,9999.000,9999.000,9999.000,9999.000
202604080636,   3.355,   4.027,9999.000,9999.000,9999.000,9999.000,9999.000,9999.000,9999.000
202604080642,   3.276,9999.000,9999.000,9999.000,9999.000,9999.000,9999.000,9999.000,9999.000
202604080648,   3.195,   3.880,9999.000,9999.000,9999.000,9999.000,9999.000,9999.000,9999.000
202604080654,   3.113,9999.000,9999.000,9999.000,9999.000,9999.000,9999.000,9999.000,9999.000
202604080700,   3.030,   3.578,  -0.100,   0.648,   3.578,  -0.200,   3.478,   0.000,   3.678
202604080706,   2.946,   3.558,9999.000,9999.000,9999.000,9999.000,9999.000,9999.000,9999.000
202604080712,   2.862,   3.309,9999.000,9999.000,9999.000,9999.000,9999.000,9999.000,9999.000
202604080718,   2.777,   3.197,9999.000,9999.000,9999.000,9999.000,9999.000,9999.000,9999.000
202604080724,   2.692,   3.060,9999.000,9999.000,9999.000,9999.000,9999.000,9999.000,9999.000
202604080730,   2.607,   2.929,9999.000,9999.000,9999.000,9999.000,9999.000,9999.000,9999.000
202604080736,   2.523,   2.978,9999.000,9999.000,9999.000,9999.000,9999.000,9999.000,9999.000
202604080742,   2.439,   2.869,9999.000,9999.000,9999.000,9999.000,9999.000,9999.000,9999.000
202604080748,   2.356,   2.768,9999.000,9999.000,9999.000,9999.000,9999.000,9999.000,9999.000
202604080754,   2.274,   2.630,9999.000,9999.000,9999.000,9999.000,9999.000,9999.000,9999.000
202604080800,   2.193,   2.528,  -0.100,   0.435,   2.528,  -0.100,   2.528,   0.000,   2.628
202604080806,   2.114,   2.338,9999.000,9999.000,9999.000,9999.000,9999.000,9999.000,9999.000
202604080812,   2.036,   2.240,9999.000,9999.000,9999.000,9999.000,9999.000,9999.000,9999.000
202604080818,   1.959,   2.148,9999.000,9999.000,9999.000,9999.000,9999.000,9999.000,9999.000
202604080824,   1.885,   2.040,9999.000,9999.000,9999.000,9999.000,9999.000,9999.000,9999.000
202604080830,   1.812,   1.967,9999.000,9999.000,9999.000,9999.000,9999.000,9999.000,9999.000
202604080836,   1.742,   1.967,9999.000,9999.000,9999.000,9999.000,9999.000,9999.000,9999.000
202604080842,   1.674,   1.889,9999.000,9999.000,9999.000,9999.000,9999.000,9999.000,9999.000
202604080848,   1.608,   1.820,9999.000,9999.000,9999.000,9999.000,9999.000,9999.000,9999.000
202604080854,   1.544,   1.738,9999.000,9999.000,9999.000,9999.000,9999.000,9999.000,9999.000
202604080900,   1.483,   1.630,  -0.100,   0.247,   1.630,  -0.100,   1.630,   0.000,   1.730
202604080906,   1.424,   1.580,9999.000,9999.000,9999.000,9999.000,9999.000,9999.000,9999.000
202604080912,   1.367,   1.469,9999.000,9999.000,9999.000,9999.000,9999.000,9999.000,9999.000
202604080918,   1.314,   1.439,9999.000,9999.000,9999.000,9999.000,9999.000,9999.000,9999.000
202604080924,   1.262,   1.279,9999.000,9999.000,9999.000,9999.000,9999.000,9999.000,9999.000
202604080930,   1.214,   1.220,9999.000,9999.000,9999.000,9999.000,9999.000,9999.000,9999.000
202604080936,   1.168,   1.210,9999.000,9999.000,9999.000,9999.000,9999.000,9999.000,9999.000
202604080942,   1.124,   1.161,9999.000,9999.000,9999.000,9999.000,9999.000,9999.000,9999.000
202604080948,   1.083,   1.098,9999.000,9999.000,9999.000,9999.000,9999.000,9999.000,9999.000
202604080954,   1.045,   1.039,9999.000,9999.000,9999.000,9999.000,9999.000,9999.000,9999.000
202604081000,   1.009,   1.039,  -0.100,   0.130,   1.039,  -0.100,   1.039,   0.000,   1.139
202604081006,   0.977,   0.990,9999.000,9999.000,9999.000,9999.000,9999.000,9999.000,9999.000
202604081012,   0.946,   0.961,9999.000,9999.000,9999.000,9999.000,9999.000,9999.000,9999.000
202604081018,   0.919,   0.951,9999.000,9999.000,9999.000,9999.000,9999.000,9999.000,9999.000
202604081024,   0.895,   0.888,9999.000,9999.000,9999.000,9999.000,9999.000,9999.000,9999.000
202604081030,   0.873,   0.869,9999.000,9999.000,9999.000,9999.000,9999.000,9999.000,9999.000
202604081036,   0.855,   0.869,9999.000,9999.000,9999.000,9999.000,9999.000,9999.000,9999.000
202604081042,   0.839,   0.849,9999.000,9999.000,9999.000,9999.000,9999.000,9999.000,9999.000
202604081048,   0.827,   0.879,9999.000,9999.000,9999.000,9999.000,9999.000,9999.000,9999.000
202604081054,   0.818,   0.918,9999.000,9999.000,9999.000,9999.000,9999.000,9999.000,9999.000
202604081100,   0.813,   0.898,   0.000,   0.085,   0.898,  -0.100,   0.798,   0.000,   0.898
202604081106,   0.811,   0.941,9999.000,9999.000,9999.000,9999.000,9999.000,9999.000,9999.000
202604081112,   0.813,   0.970,9999.000,9999.000,9999.000,9999.000,9999.000,9999.000,9999.000
202604081118,   0.818,   0.980,9999.000,9999.000,9999.000,9999.000,9999.000,9999.000,9999.000
202604081124,   0.828,   1.020,9999.000,9999.000,9999.000,9999.000,9999.000,9999.000,9999.000
202604081130,   0.842,   1.069,9999.000,9999.000,9999.000,9999.000,9999.000,9999.000,9999.000
202604081136,   0.860,   1.118,9999.000,9999.000,9999.000,9999.000,9999.000,9999.000,9999.000
202604081142,   0.883,   1.190,9999.000,9999.000,9999.000,9999.000,9999.000,9999.000,9999.000
202604081148,   0.910,   1.249,9999.000,9999.000,9999.000,9999.000,9999.000,9999.000,9999.000
202604081154,   0.942,   1.269,9999.000,9999.000,9999.000,9999.000,9999.000,9999.000,9999.000
202604081200,   0.978,   1.361,   0.000,   0.383,   1.361,  -0.100,   1.261,   0.000,   1.361
202604081206,   1.019,   1.498,9999.000,9999.000,9999.000,9999.000,9999.000,9999.000,9999.000
202604081212,   1.065,   1.548,9999.000,9999.000,9999.000,9999.000,9999.000,9999.000,9999.000
202604081218,   1.116,   1.557,9999.000,9999.000,9999.000,9999.000,9999.000,9999.000,9999.000
202604081224,   1.171,   1.610,9999.000,9999.000,9999.000,9999.000,9999.000,9999.000,9999.000
202604081230,   1.231,   1.689,9999.000,9999.000,9999.000,9999.000,9999.000,9999.000,9999.000
202604081236,   1.295,   1.820,9999.000,9999.000,9999.000,9999.000,9999.000,9999.000,9999.000
202604081242,   1.363,   1.908,9999.000,9999.000,9999.000,9999.000,9999.000,9999.000,9999.000
202604081248,   1.435,   2.010,9999.000,9999.000,9999.000,9999.000,9999.000,9999.000,9999.000
202604081254,   1.510,   2.089,9999.000,9999.000,9999.000,9999.000,9999.000,9999.000,9999.000
202604081300,   1.588,   2.148,   0.000,   0.560,   2.148,   0.000,   2.148,   0.000,   2.148
202604081306,   1.668,   2.240,9999.000,9999.000,9999.000,9999.000,9999.000,9999.000,9999.000
202604081312,   1.750,   2.348,9999.000,9999.000,9999.000,9999.000,9999.000,9999.000,9999.000
202604081318,   1.833,   2.348,9999.000,9999.000,9999.000,9999.000,9999.000,9999.000,9999.000
202604081324,   1.917,   2.440,9999.000,9999.000,9999.000,9999.000,9999.000,9999.000,9999.000
202604081330,   2.001,   2.509,9999.000,9999.000,9999.000,9999.000,9999.000,9999.000,9999.000
202604081336,   2.085,   2.660,9999.000,9999.000,9999.000,9999.000,9999.000,9999.000,9999.000
202604081342,   2.168,   2.758,9999.000,9999.000,9999.000,9999.000,9999.000,9999.000,9999.000
202604081348,   2.250,   2.840,9999.000,9999.000,9999.000,9999.000,9999.000,9999.000,9999.000
202604081354,   2.330,   2.919,9999.000,9999.000,9999.000,9999.000,9999.000,9999.000,9999.000
202604081400,   2.409,   2.988,   0.000,   0.579,   2.988,   0.000,   2.988,   0.100,   3.088
202604081406,   2.485,   3.099,9999.000,9999.000,9999.000,9999.000,9999.000,9999.000,9999.000
202604081412,   2.558,   3.138,9999.000,9999.000,9999.000,9999.000,9999.000,9999.000,9999.000
202604081418,   2.629,   3.250,9999.000,9999.000,9999.000,9999.000,9999.000,9999.000,9999.000
202604081424,   2.697,   3.250,9999.000,9999.000,9999.000,9999.000,9999.000,9999.000,9999.000
202604081430,   2.762,   3.319,9999.000,9999.000,9999.000,9999.000,9999.000,9999.000,9999.000
202604081436,   2.824,   3.460,9999.000,9999.000,9999.000,9999.000,9999.000,9999.000,9999.000
202604081442,   2.883,   3.529,9999.000,9999.000,9999.000,9999.000,9999.000,9999.000,9999.000
202604081448,   2.939,   3.578,9999.000,9999.000,9999.000,9999.000,9999.000,9999.000,9999.000
202604081454,   2.993,   3.650,9999.000,9999.000,9999.000,9999.000,9999.000,9999.000,9999.000
202604081500,   3.043,   3.689,   0.000,   0.646,   3.689,   0.000,   3.689,   0.100,   3.789
202604081506,   3.091,   3.749,9999.000,9999.000,9999.000,9999.000,9999.000,9999.000,9999.000
202604081512,   3.137,   3.778,9999.000,9999.000,9999.000,9999.000,9999.000,9999.000,9999.000
202604081518,   3.180,   3.847,9999.000,9999.000,9999.000,9999.000,9999.000,9999.000,9999.000
202604081524,   3.220,   3.919,9999.000,9999.000,9999.000,9999.000,9999.000,9999.000,9999.000
202604081530,   3.259,   3.968,9999.000,9999.000,9999.000,9999.000,9999.000,9999.000,9999.000
202604081536,   3.294,   4.027,9999.000,9999.000,9999.000,9999.000,9999.000,9999.000,9999.000
202604081542,   3.328,   4.080,9999.000,9999.000,9999.000,9999.000,9999.000,9999.000,9999.000
202604081548,   3.360,   4.139,9999.000,9999.000,9999.000,9999.000,9999.000,9999.000,9999.000
202604081554,   3.389,   4.168,9999.000,9999.000,9999.000,9999.000,9999.000,9999.000,9999.000
202604081600,   3.416,   4.188,   0.100,   0.672,   4.188,   0.000,   4.088,   0.100,   4.188
202604081606,   3.441,   4.247,9999.000,9999.000,9999.000,9999.000,9999.000,9999.000,9999.000
202604081612,   3.464,   4.257,9999.000,9999.000,9999.000,9999.000,9999.000,9999.000,9999.000
202604081618,   3.484,   4.237,9999.000,9999.000,9999.000,9999.000,9999.000,9999.000,9999.000
202604081624,   3.502,   4.247,9999.000,9999.000,9999.000,9999.000,9999.000,9999.000,9999.000
202604081630,   3.517,   4.257,9999.000,9999.000,9999.000,9999.000,9999.000,9999.000,9999.000
202604081636,   3.530,   4.319,9999.000,9999.000,9999.000,9999.000,9999.000,9999.000,9999.000
202604081642,   3.539,   4.319,9999.000,9999.000,9999.000,9999.000,9999.000,9999.000,9999.000
202604081648,   3.545,   4.339,9999.000,9999.000,9999.000,9999.000,9999.000,9999.000,9999.000
202604081654,   3.549,   4.280,9999.000,9999.000,9999.000,9999.000,9999.000,9999.000,9999.000
202604081700,   3.549,   4.309,   0.100,   0.660,   4.309,   0.000,   4.209,   0.100,   4.309
202604081706,   3.545,   4.280,9999.000,9999.000,9999.000,9999.000,9999.000,9999.000,9999.000
202604081712,   3.538,   4.280,9999.000,9999.000,9999.000,9999.000,9999.000,9999.000,9999.000
202604081718,   3.528,   4.198,9999.000,9999.000,9999.000,9999.000,9999.000,9999.000,9999.000
202604081724,   3.514,   4.168,9999.000,9999.000,9999.000,9999.000,9999.000,9999.000,9999.000
202604081730,   3.496,   4.149,9999.000,9999.000,9999.000,9999.000,9999.000,9999.000,9999.000
202604081736,   3.474,   4.178,9999.000,9999.000,9999.000,9999.000,9999.000,9999.000,9999.000
202604081742,   3.449,   4.129,9999.000,9999.000,9999.000,9999.000,9999.000,9999.000,9999.000
202604081748,   3.421,   4.080,9999.000,9999.000,9999.000,9999.000,9999.000,9999.000,9999.000
202604081754,   3.388,   4.017,9999.000,9999.000,9999.000,9999.000,9999.000,9999.000,9999.000
202604081800,   3.353,   3.968,   0.200,   0.415,   3.968,   0.100,   3.868,   0.200,   3.968
202604081806,   3.314,   3.919,9999.000,9999.000,9999.000,9999.000,9999.000,9999.000,9999.000
202604081812,   3.272,   3.837,9999.000,9999.000,9999.000,9999.000,9999.000,9999.000,9999.000
202604081818,   3.227,   3.699,9999.000,9999.000,9999.000,9999.000,9999.000,9999.000,9999.000
202604081824,   3.179,   3.637,9999.000,9999.000,9999.000,9999.000,9999.000,9999.000,9999.000
202604081830,   3.128,   3.558,9999.000,9999.000,9999.000,9999.000,9999.000,9999.000,9999.000
202604081836,   3.075,   3.529,9999.000,9999.000,9999.000,9999.000,9999.000,9999.000,9999.000
202604081842,   3.019,   3.519,9999.000,9999.000,9999.000,9999.000,9999.000,9999.000,9999.000
202604081848,   2.962,   3.329,9999.000,9999.000,9999.000,9999.000,9999.000,9999.000,9999.000
202604081854,   2.902,   3.358,9999.000,9999.000,9999.000,9999.000,9999.000,9999.000,9999.000
202604081900,   2.841,   3.217,   0.200,   0.176,   3.217,   0.100,   3.117,   0.200,   3.217
202604081906,   2.779,   3.188,9999.000,9999.000,9999.000,9999.000,9999.000,9999.000,9999.000
202604081912,   2.715,   3.129,9999.000,9999.000,9999.000,9999.000,9999.000,9999.000,9999.000
202604081918,   2.650,   3.070,9999.000,9999.000,9999.000,9999.000,9999.000,9999.000,9999.000
202604081924,   2.585,   2.929,9999.000,9999.000,9999.000,9999.000,9999.000,9999.000,9999.000
202604081930,   2.519,   2.899,9999.000,9999.000,9999.000,9999.000,9999.000,9999.000,9999.000
202604081936,   2.453,   2.889,9999.000,9999.000,9999.000,9999.000,9999.000,9999.000,9999.000
202604081942,   2.387,   2.768,9999.000,9999.000,9999.000,9999.000,9999.000,9999.000,9999.000
202604081948,   2.321,   2.699,9999.000,9999.000,9999.000,9999.000,9999.000,9999.000,9999.000
202604081954,   2.256,   2.630,9999.000,9999.000,9999.000,9999.000,9999.000,9999.000,9999.000
202604082000,   2.191,   2.568,   0.200,   0.177,   2.568,   0.100,   2.468,   0.200,   2.568
202604082006,   2.127,   2.440,9999.000,9999.000,9999.000,9999.000,9999.000,9999.000,9999.000
202604082012,   2.064,   2.430,9999.000,9999.000,9999.000,9999.000,9999.000,9999.000,9999.000
202604082018,   2.002,   2.358,9999.000,9999.000,9999.000,9999.000,9999.000,9999.000,9999.000
202604082024,   1.942,   2.269,9999.000,9999.000,9999.000,9999.000,9999.000,9999.000,9999.000
202604082030,   1.883,   2.240,9999.000,9999.000,9999.000,9999.000,9999.000,9999.000,9999.000
202604082036,   1.826,   2.210,9999.000,9999.000,9999.000,9999.000,9999.000,9999.000,9999.000
202604082042,   1.771,   2.168,9999.000,9999.000,9999.000,9999.000,9999.000,9999.000,9999.000
202604082048,   1.718,   2.138,9999.000,9999.000,9999.000,9999.000,9999.000,9999.000,9999.000
202604082054,   1.667,   2.099,9999.000,9999.000,9999.000,9999.000,9999.000,9999.000,9999.000
202604082100,   1.618,   2.079,   0.200,   0.261,   2.079,   0.100,   1.979,   0.200,   2.079
202604082106,   1.572,   2.049,9999.000,9999.000,9999.000,9999.000,9999.000,9999.000,9999.000
202604082112,   1.528,   2.010,9999.000,9999.000,9999.000,9999.000,9999.000,9999.000,9999.000
202604082118,   1.487,   2.030,9999.000,9999.000,9999.000,9999.000,9999.000,9999.000,9999.000
202604082124,   1.448,   1.990,9999.000,9999.000,9999.000,9999.000,9999.000,9999.000,9999.000
202604082130,   1.412,   1.938,9999.000,9999.000,9999.000,9999.000,9999.000,9999.000,9999.000
202604082136,   1.378,   1.908,9999.000,9999.000,9999.000,9999.000,9999.000,9999.000,9999.000
202604082142,   1.347,   1.918,9999.000,9999.000,9999.000,9999.000,9999.000,9999.000,9999.000
202604082148,   1.319,   1.928,9999.000,9999.000,9999.000,9999.000,9999.000,9999.000,9999.000
202604082154,   1.293,   1.859,9999.000,9999.000,9999.000,9999.000,9999.000,9999.000,9999.000
202604082200,   1.270,   1.859,   0.200,   0.389,   1.859,   0.200,   1.859,   0.300,   1.959
202604082206,   1.249,   1.830,9999.000,9999.000,9999.000,9999.000,9999.000,9999.000,9999.000
202604082212,   1.231,   1.849,9999.000,9999.000,9999.000,9999.000,9999.000,9999.000,9999.000
202604082218,   1.216,   1.840,9999.000,9999.000,9999.000,9999.000,9999.000,9999.000,9999.000
202604082224,   1.203,   1.820,9999.000,9999.000,9999.000,9999.000,9999.000,9999.000,9999.000
202604082230,   1.193,   1.790,9999.000,9999.000,9999.000,9999.000,9999.000,9999.000,9999.000
202604082236,   1.185,   1.781,9999.000,9999.000,9999.000,9999.000,9999.000,9999.000,9999.000
202604082242,   1.180,   1.800,9999.000,9999.000,9999.000,9999.000,9999.000,9999.000,9999.000
202604082248,   1.177,   1.767,9999.000,9999.000,9999.000,9999.000,9999.000,9999.000,9999.000
202604082254,   1.178,   1.790,9999.000,9999.000,9999.000,9999.000,9999.000,9999.000,9999.000
202604082300,   1.181,   1.800,   0.200,   0.419,   1.800,   0.200,   1.800,   0.300,   1.900
202604082306,   1.186,   1.810,9999.000,9999.000,9999.000,9999.000,9999.000,9999.000,9999.000
202604082312,   1.195,   1.810,9999.000,9999.000,9999.000,9999.000,9999.000,9999.000,9999.000
202604082318,   1.206,   1.830,9999.000,9999.000,9999.000,9999.000,9999.000,9999.000,9999.000
202604082324,   1.221,   1.879,9999.000,9999.000,9999.000,9999.000,9999.000,9999.000,9999.000
202604082330,   1.239,   1.899,9999.000,9999.000,9999.000,9999.000,9999.000,9999.000,9999.000
202604082336,   1.260,   1.928,9999.000,9999.000,9999.000,9999.000,9999.000,9999.000,9999.000
202604082342,   1.285,   1.938,9999.000,9999.000,9999.000,9999.000,9999.000,9999.000,9999.000
202604082348,   1.313,   1.990,9999.000,9999.000,9999.000,9999.000,9999.000,9999.000,9999.000
202604082354,   1.345,   2.040,9999.000,9999.000,9999.000,9999.000,9999.000,9999.000,9999.000
202604090000,   1.380,   2.109,   0.300,   0.429,   2.109,   0.200,   2.009,   0.300,   2.109
202604090006,   1.420,   2.158,9999.000,9999.000,9999.000,9999.000,9999.000,9999.000,9999.000
202604090012,   1.464,   2.220,9999.000,9999.000,9999.000,9999.000,9999.000,9999.000,9999.000
202604090018,   1.512,   2.279,9999.000,9999.000,9999.000,9999.000,9999.000,9999.000,9999.000
202604090024,   1.564,   2.318,9999.000,9999.000,9999.000,9999.000,9999.000,9999.000,9999.000
202604090030,   1.620,   2.358,9999.000,9999.000,9999.000,9999.000,9999.000,9999.000,9999.000
202604090036,   1.681,   2.410,9999.000,9999.000,9999.000,9999.000,9999.000,9999.000,9999.000
202604090042,   1.745,   2.489,9999.000,9999.000,9999.000,9999.000,9999.000,9999.000,9999.000
202604090048,   1.813,   2.509,9999.000,9999.000,9999.000,9999.000,9999.000,9999.000,9999.000
202604090054,   1.885,   2.610,9999.000,9999.000,9999.000,9999.000,9999.000,9999.000,9999.000
202604090100,   1.961,   2.640,   0.200,   0.479,   2.640,   0.200,   2.640,   0.300,   2.740
202604090106,   2.040,   2.738,9999.000,9999.000,9999.000,9999.000,9999.000,9999.000,9999.000
202604090112,   2.121,   2.797,9999.000,9999.000,9999.000,9999.000,9999.000,9999.000,9999.000
202604090118,   2.205,   2.879,9999.000,9999.000,9999.000,9999.000,9999.000,9999.000,9999.000
202604090124,   2.291,   2.958,9999.000,9999.000,9999.000,9999.000,9999.000,9999.000,9999.000
202604090130,   2.379,   3.040,9999.000,9999.000,9999.000,9999.000,9999.000,9999.000,9999.000
202604090136,   2.467,   3.089,9999.000,9999.000,9999.000,9999.000,9999.000,9999.000,9999.000
202604090142,   2.556,   3.138,9999.000,9999.000,9999.000,9999.000,9999.000,9999.000,9999.000
202604090148,   2.645,   3.178,9999.000,9999.000,9999.000,9999.000,9999.000,9999.000,9999.000
202604090154,   2.734,   3.289,9999.000,9999.000,9999.000,9999.000,9999.000,9999.000,9999.000
202604090200,   2.821,   3.339,   0.300,   0.218,   3.339,   0.200,   3.239,   0.300,   3.339
202604090206,   2.907,   3.417,9999.000,9999.000,9999.000,9999.000,9999.000,9999.000,9999.000
202604090212,   2.991,   3.480,9999.000,9999.000,9999.000,9999.000,9999.000,9999.000,9999.000
202604090218,   3.073,   3.568,9999.000,9999.000,9999.000,9999.000,9999.000,9999.000,9999.000
202604090224,   3.153,   3.637,9999.000,9999.000,9999.000,9999.000,9999.000,9999.000,9999.000
202604090230,   3.229,   3.680,9999.000,9999.000,9999.000,9999.000,9999.000,9999.000,9999.000
202604090236,   3.303,   3.719,9999.000,9999.000,9999.000,9999.000,9999.000,9999.000,9999.000
202604090242,   3.373,   3.778,9999.000,9999.000,9999.000,9999.000,9999.000,9999.000,9999.000
202604090248,   3.440,   3.827,9999.000,9999.000,9999.000,9999.000,9999.000,9999.000,9999.000
202604090254,   3.504,   3.880,9999.000,9999.000,9999.000,9999.000,9999.000,9999.000,9999.000
202604090300,   3.565,   3.939,   0.200,   0.174,   3.939,   0.200,   3.939,   0.300,   4.039
202604090306,   3.622,   3.988,9999.000,9999.000,9999.000,9999.000,9999.000,9999.000,9999.000
202604090312,   3.676,   4.047,9999.000,9999.000,9999.000,9999.000,9999.000,9999.000,9999.000
202604090318,   3.727,   4.099,9999.000,9999.000,9999.000,9999.000,9999.000,9999.000,9999.000
202604090324,   3.774,   4.149,9999.000,9999.000,9999.000,9999.000,9999.000,9999.000,9999.000
202604090330,   3.819,   4.178,9999.000,9999.000,9999.000,9999.000,9999.000,9999.000,9999.000
202604090336,   3.861,   4.218,9999.000,9999.000,9999.000,9999.000,9999.000,9999.000,9999.000
202604090342,   3.900,   4.247,9999.000,9999.000,9999.000,9999.000,9999.000,9999.000,9999.000
202604090348,   3.937,   4.309,9999.000,9999.000,9999.000,9999.000,9999.000,9999.000,9999.000
202604090354,   3.971,   4.339,9999.000,9999.000,9999.000,9999.000,9999.000,9999.000,9999.000
202604090400,   4.002,   4.408,   0.200,   0.206,   4.408,   0.200,   4.408,   0.200,   4.408
202604090406,   4.031,   4.447,9999.000,9999.000,9999.000,9999.000,9999.000,9999.000,9999.000
202604090412,   4.057,   4.500,9999.000,9999.000,9999.000,9999.000,9999.000,9999.000,9999.000
202604090418,   4.081,   4.519,9999.000,9999.000,9999.000,9999.000,9999.000,9999.000,9999.000
202604090424,   4.103,   4.578,9999.000,9999.000,9999.000,9999.000,9999.000,9999.000,9999.000
202604090430,   4.122,   4.618,9999.000,9999.000,9999.000,9999.000,9999.000,9999.000,9999.000
202604090436,   4.138,   4.657,9999.000,9999.000,9999.000,9999.000,9999.000,9999.000,9999.000
202604090442,   4.152,   4.690,9999.000,9999.000,9999.000,9999.000,9999.000,9999.000,9999.000
202604090448,   4.163,   4.729,9999.000,9999.000,9999.000,9999.000,9999.000,9999.000,9999.000
202604090454,   4.171,   4.769,9999.000,9999.000,9999.000,9999.000,9999.000,9999.000,9999.000
202604090500,   4.176,   4.788,   0.200,   0.412,   4.788,   0.100,   4.688,   0.200,   4.788
202604090506,   4.178,   4.818,9999.000,9999.000,9999.000,9999.000,9999.000,9999.000,9999.000
202604090512,   4.177,   4.808,9999.000,9999.000,9999.000,9999.000,9999.000,9999.000,9999.000
202604090518,   4.172,   4.837,9999.000,9999.000,9999.000,9999.000,9999.000,9999.000,9999.000
202604090524,   4.164,   4.788,9999.000,9999.000,9999.000,9999.000,9999.000,9999.000,9999.000
202604090530,   4.153,   4.769,9999.000,9999.000,9999.000,9999.000,9999.000,9999.000,9999.000
202604090536,   4.138,   4.798,9999.000,9999.000,9999.000,9999.000,9999.000,9999.000,9999.000
202604090542,   4.119,   4.788,9999.000,9999.000,9999.000,9999.000,9999.000,9999.000,9999.000
202604090548,   4.096,   4.778,9999.000,9999.000,9999.000,9999.000,9999.000,9999.000,9999.000
202604090554,   4.070,   4.749,9999.000,9999.000,9999.000,9999.000,9999.000,9999.000,9999.000
202604090600,   4.040,   4.690,   0.200,   0.450,   4.690,   0.100,   4.590,   0.200,   4.690
202604090606,   4.006,   4.657,9999.000,9999.000,9999.000,9999.000,9999.000,9999.000,9999.000
202604090612,   3.968,   4.637,9999.000,9999.000,9999.000,9999.000,9999.000,9999.000,9999.000
202604090618,   3.927,   4.578,9999.000,9999.000,9999.000,9999.000,9999.000,9999.000,9999.000
202604090624,   3.882,   4.427,9999.000,9999.000,9999.000,9999.000,9999.000,9999.000,9999.000
202604090630,   3.834,   4.388,9999.000,9999.000,9999.000,9999.000,9999.000,9999.000,9999.000
202604090636,   3.782,   4.408,9999.000,9999.000,9999.000,9999.000,9999.000,9999.000,9999.000
202604090642,   3.727,   4.339,9999.000,9999.000,9999.000,9999.000,9999.000,9999.000,9999.000
202604090648,   3.669,   4.257,9999.000,9999.000,9999.000,9999.000,9999.000,9999.000,9999.000
